---
Preset:
  product: Sinnah
  version: 1.0
  format: 1
  name: Monsters
Params:
  Wave: 1
  Harmonics: 0.78553
  Octave: 0
  Mastertuning: 0.5
  Attack1: 0.311949
  Decay1: 0.643528
  Sustain1: 0.315572
  Release1: 0.674795
  Repeat: 1
  Velosens: 0.7752
  ADSR2wave: 1
  ADSR2harm: 0.339459
  Speed1: 0.128068
  Range1: 0.466557
  Lag1: 0.549092
  On1: 0.570971
  Speed2: 0.837065
  Range2: 0.61317
  Lag2: 0.556662
  On2: 1
  Speed3: 0.613286
  Range3: 0.650501
  Lag3: 0.47395
  On3: 1
  Stereo: 0.907028
  PolyMono: 0
  Memory: 0
  FdBkAmount: 0.829205
  FdBkPhase: 0
  Attack2: 0.549367
  Release2: 0.79893
  ReverbSize: 0.904931
  ReverbMix: 0.597387
  ReverbOn: 1
  EQHPHz: 0.280054
  EQLPHz: 0.702635
  EQBRHz: 0.670157
  EQBRBW: 0.752284
  EQBRGain: 0.141942
  EQOn: 0.570971
  Gain_out: 0.743733
  Pan: 0.486097
  Noise: 0.834863
  RangeHarmonics: 1
