---
Preset:
  product: Sinnah
  version: 1.0
  format: 1
  name: Overblown
Params:
  Wave: 0.012783
  Harmonics: 0.327971
  Octave: 0.0218844
  Mastertuning: 0.5
  Attack1: 0.189358
  Decay1: 0.0825622
  Sustain1: 0.131106
  Release1: 0.364116
  Repeat: 0
  Velosens: 0.7752
  ADSR2wave: 0.0364058
  ADSR2harm: 0.992637
  Speed1: 0.53987
  Range1: 0.0393873
  Lag1: 0.0103011
  On1: 0.99986
  Speed2: 0.587683
  Range2: 0.00876229
  Lag2: 0.0128791
  On2: 0.99986
  Speed3: 0.566377
  Range3: 0.0125417
  Lag3: 0.507955
  On3: 0.981657
  Stereo: 0.894802
  PolyMono: 0
  Memory: 0
  FdBkAmount: 0.490631
  FdBkPhase: 0.0364058
  Attack2: 0.0197841
  Release2: 0.694639
  ReverbSize: 0.866234
  ReverbMix: 0.108949
  ReverbOn: 1
  EQHPHz: 0.693483
  EQLPHz: 0.456753
  EQBRHz: 0.652273
  EQBRBW: 0.464208
  EQBRGain: 0.00736305
  EQOn: 0.503682
  Gain_out: 0.846699
  Pan: 0.501638
  Noise: 0.963528
  RangeHarmonics: 0
