---
Preset:
  product: Sinnah
  version: 1.1.0 beta
  format: 1
  name: mood sins
Params:
  Wave: 0.25
  Harmonics: 0.555
  Octave: 0.5
  Mastertuning: 0.5
  Attack1: 0.222315
  Decay1: 0.947924
  Sustain1: 0.09952
  Release1: 0.546048
  Repeat: 0
  Velosens: 0.7752
  ADSR2wave: 0
  ADSR2harm: 0.5
  Speed1: 0.565
  Range1: 0.165
  Lag1: 0.73
  On1: 0.5
  Speed2: 0.5
  Range2: 0.33
  Lag2: 1
  On2: 1
  Speed3: 0.5
  Range3: 0.255
  Lag3: 0.585
  On3: 1
  Stereo: 0.5
  PolyMono: 0
  Memory: 1
  FdBkAmount: 0.505
  FdBkPhase: 0
  Attack2: 0.285387
  Release2: 0.854711
  ReverbSize: 0.365718
  ReverbMix: 0.230079
  ReverbOn: 1
  EQHPHz: 0.397427
  EQLPHz: 0.76572
  EQBRHz: 0.488732
  EQBRBW: 0.700141
  EQBRGain: 0
  EQOn: 0.5
  Gain_out: 0.685
  Pan: 0.5
  Noise: 0
  RangeHarmonics: 1
  LFO1Type: 0
  LFO1Speed: 0.206
  LFO1Delay: 0
  LFO1Depth: 1
  PBrange: 0.5
  KTCenter: 0.5
  KTSlope: 0.54
  KTToAmplitude: 0
  KTToHarmonics: 0
  NoiseHamonicsLink: 0
  LFO1Targets: 1
  unused: 0
  CCTargets: 0
  ATTargets: 0
