---
Preset:
  product: Sinnah
  version: 0.9.8
  format: 1
  name: velvet
Params:
  Wave: 0.5
  Harmonics: 0
  Octave: 0.5
  Mastertuning: 0.5
  Attack1: 0.18932
  Decay1: 0.5
  Sustain1: 0.5
  Release1: 0.713592
  Repeat: 0
  Velosens: 0.7752
  ADSR2wave: 0
  ADSR2harm: 0.5
  Speed1: 0.565
  Range1: 0.325
  Lag1: 0.73
  On1: 0.5
  Speed2: 0.5
  Range2: 0.33
  Lag2: 0.405
  On2: 0.5
  Speed3: 0.5
  Range3: 0.255
  Lag3: 0.585
  On3: 0.5
  Stereo: 1
  PolyMono: 0
  Memory: 0
  FdBkAmount: 0.53
  FdBkPhase: 0
  Attack2: 0.286408
  Release2: 0.5
  ReverbSize: 0.588235
  ReverbMix: 0.602941
  ReverbOn: 1
  EQHPHz: 0.5
  EQLPHz: 0.5
  EQBRHz: 0.6171
  EQBRBW: 0.5
  EQBRGain: 0
  EQOn: 0.5
  Gain_out: 0.74
  Pan: 0.5
  Noise: 0.225
