---
Preset:
  product: Sinnah
  version: 0.9.8
  format: 1
  name: KICK 01
Params:
  Wave: 0.25
  Harmonics: 0
  Octave: 0
  Mastertuning: 0.5
  Attack1: 0
  Decay1: 0.0852643
  Sustain1: 0
  Release1: 0.103271
  Repeat: 0
  Velosens: 0
  ADSR2wave: 0
  ADSR2harm: 1
  Speed1: 0
  Range1: 0
  Lag1: 0.0586523
  On1: 0
  Speed2: 0.595
  Range2: 0.11
  Lag2: 0.69
  On2: 0
  Speed3: 0.575
  Range3: 0.08
  Lag3: 0.67
  On3: 0
  Stereo: 0.895
  PolyMono: 1
  Memory: 1
  FdBkAmount: 0.337852
  FdBkPhase: 0
  Attack2: 0
  Release2: 0.677617
  ReverbSize: 0.541115
  ReverbMix: 0.401117
  ReverbOn: 0
  EQHPHz: 0.000308946
  EQLPHz: 0
  EQBRHz: 0.39
  EQBRBW: 0.6
  EQBRGain: 0
  EQOn: 1
  Gain_out: 1
  Pan: 0.502285
  Noise: 1
