---
Preset:
  product: Sinnah
  version: 0.9.8
  format: 1
  name: Detuned Pings
Params:
  Wave: 0.5
  Harmonics: 1
  Octave: 1
  Mastertuning: 0.5
  Attack1: 0
  Decay1: 0.5
  Sustain1: 0
  Release1: 0.5
  Repeat: 0
  Velosens: 0.7752
  ADSR2wave: 0.5
  ADSR2harm: 0.5
  Speed1: 0.565
  Range1: 0.34
  Lag1: 0.125
  On1: 0.5
  Speed2: 0.62
  Range2: 0.165
  Lag2: 0.17
  On2: 0.5
  Speed3: 0.5
  Range3: 0.5
  Lag3: 0.225
  On3: 0.5
  Stereo: 1
  PolyMono: 0.5
  Memory: 0.5
  FdBkAmount: 1
  FdBkPhase: 0
  Attack2: 0.0339806
  Release2: 0.5
  ReverbSize: 0.764706
  ReverbMix: 0.205882
  ReverbOn: 1
  EQHPHz: 0.1608
  EQLPHz: 0.5
  EQBRHz: 0.5
  EQBRBW: 0.5
  EQBRGain: 0.5
  EQOn: 0.5
  Gain_out: 0.815
  Pan: 0.5
  Noise: 0.295
