---
Preset:
  product: Sinnah
  version: 0.9.8
  format: 1
  name: weird plucks
Params:
  Wave: 0
  Harmonics: 0.305
  Octave: 0
  Mastertuning: 0.5
  Attack1: 0
  Decay1: 0
  Sustain1: 0
  Release1: 0.121359
  Repeat: 0
  Velosens: 0.7752
  ADSR2wave: 0
  ADSR2harm: 1
  Speed1: 0.54
  Range1: 0.035
  Lag1: 0
  On1: 1
  Speed2: 0.595
  Range2: 0
  Lag2: 0
  On2: 1
  Speed3: 0.575
  Range3: 0
  Lag3: 0.5
  On3: 1
  Stereo: 0.895
  PolyMono: 0
  Memory: 0
  FdBkAmount: 0.475
  FdBkPhase: 0
  Attack2: 0
  Release2: 0.684466
  ReverbSize: 0.867647
  ReverbMix: 0.102941
  ReverbOn: 1
  EQHPHz: 0.7141
  EQLPHz: 0.445
  EQBRHz: 0.6547
  EQBRBW: 0.448
  EQBRGain: 0
  EQOn: 0.5
  Gain_out: 0.845
  Pan: 0.5
  Noise: 1
