---
Preset:
  product: Sinnah
  version: 0.9.8
  format: 1
  name: analogue pluks
Params:
  Wave: 0.25
  Harmonics: 1
  Octave: 0.5
  Mastertuning: 0.5
  Attack1: 0
  Decay1: 0.5
  Sustain1: 0
  Release1: 0.480583
  Repeat: 0
  Velosens: 0.7752
  ADSR2wave: 0
  ADSR2harm: 1
  Speed1: 0.565
  Range1: 0.5
  Lag1: 0.19
  On1: 1
  Speed2: 0.83
  Range2: 0.21
  Lag2: 0.075
  On2: 1
  Speed3: 0.5
  Range3: 0.5
  Lag3: 0.04
  On3: 0.5
  Stereo: 1
  PolyMono: 0
  Memory: 0
  FdBkAmount: 0.7
  FdBkPhase: 0
  Attack2: 0.5
  Release2: 0.5
  ReverbSize: 0.558824
  ReverbMix: 0.0882353
  ReverbOn: 1
  EQHPHz: 0.1297
  EQLPHz: 0.612
  EQBRHz: 0.2642
  EQBRBW: 0.386
  EQBRGain: 0
  EQOn: 1
  Gain_out: 0.935
  Pan: 0.5
  Noise: 0.265
