---
Preset:
  product: Sinnah
  version: 0.9.8
  format: 1
  name: lead moschito
Params:
  Wave: 0.5
  Harmonics: 1
  Octave: 0.5
  Mastertuning: 0.5
  Attack1: 0.092233
  Decay1: 0.752427
  Sustain1: 0.859223
  Release1: 0.412621
  Repeat: 0
  Velosens: 0.7752
  ADSR2wave: 0
  ADSR2harm: 0
  Speed1: 1
  Range1: 0.38
  Lag1: 0
  On1: 1
  Speed2: 1
  Range2: 0.475
  Lag2: 0
  On2: 1
  Speed3: 0.075
  Range3: 0.075
  Lag3: 0.5
  On3: 0
  Stereo: 1
  PolyMono: 1
  Memory: 0
  FdBkAmount: 0.34
  FdBkPhase: 1
  Attack2: 0.179612
  Release2: 0.0339806
  ReverbSize: 0.411765
  ReverbMix: 0.161765
  ReverbOn: 1
  EQHPHz: 0.5125
  EQLPHz: 0.879
  EQBRHz: 0.4112
  EQBRBW: 0.1168
  EQBRGain: 0
  EQOn: 1
  Gain_out: 0.77
  Pan: 0.58
  Noise: 0.125
