---
Preset:
  product: Sinnah
  version: 0.9.8
  format: 1
  name: plain full stops
Params:
  Wave: 0.5
  Harmonics: 0.535
  Octave: 0.5
  Mastertuning: 0.5
  Attack1: 0.0242718
  Decay1: 0.917476
  Sustain1: 0.5
  Release1: 0.0339806
  Repeat: 0
  Velosens: 0.7752
  ADSR2wave: 1
  ADSR2harm: 0
  Speed1: 0.39
  Range1: 0.11
  Lag1: 0.49
  On1: 1
  Speed2: 0.55
  Range2: 0.08
  Lag2: 0.785
  On2: 1
  Speed3: 0.85
  Range3: 0.065
  Lag3: 0.35
  On3: 1
  Stereo: 0.345
  PolyMono: 0
  Memory: 0
  FdBkAmount: 0.355
  FdBkPhase: 1
  Attack2: 0.131068
  Release2: 0.101942
  ReverbSize: 0.441176
  ReverbMix: 0.132353
  ReverbOn: 1
  EQHPHz: 0.0836
  EQLPHz: 0.5
  EQBRHz: 0.8374
  EQBRBW: 0.832
  EQBRGain: 0
  EQOn: 1
  Gain_out: 0.575
  Pan: 0.5
  Noise: 0.14
