---
Preset:
  product: Sinnah
  version: 0.9.8
  format: 1
  name: China Flute
Params:
  Wave: 0
  Harmonics: 0.646602
  Octave: 1
  Mastertuning: 0.5
  Attack1: 0.179522
  Decay1: 0.387094
  Sustain1: 0.479668
  Release1: 0.202547
  Repeat: 0
  Velosens: 0.7
  ADSR2wave: 0
  ADSR2harm: 1
  Speed1: 0.565
  Range1: 0.13
  Lag1: 0.18
  On1: 0
  Speed2: 0.695195
  Range2: 0.204785
  Lag2: 0.712285
  On2: 1
  Speed3: 0.0832422
  Range3: 0.11293
  Lag3: 0.366133
  On3: 1
  Stereo: 0.887969
  PolyMono: 0
  Memory: 0
  FdBkAmount: 0.628789
  FdBkPhase: 0
  Attack2: 0
  Release2: 0
  ReverbSize: 0.593006
  ReverbMix: 0.364129
  ReverbOn: 1
  EQHPHz: 0.0101999
  EQLPHz: 0
  EQBRHz: 0.45
  EQBRBW: 0.7
  EQBRGain: 0
  EQOn: 1
  Gain_out: 0.495879
  Pan: 0.497481
  Noise: 0
