---
Preset:
  product: Sinnah
  version: 0.9.8
  format: 1
  name: Piano ?
Params:
  Wave: 0
  Harmonics: 0
  Octave: 0.5
  Mastertuning: 0.5
  Attack1: 0
  Decay1: 0.321195
  Sustain1: 0.207215
  Release1: 0.231764
  Repeat: 0
  Velosens: 0
  ADSR2wave: 0
  ADSR2harm: 0
  Speed1: 0.565
  Range1: 0.13
  Lag1: 0.18
  On1: 0
  Speed2: 0.4
  Range2: 0.21
  Lag2: 0.195
  On2: 0
  Speed3: 0.285
  Range3: 0.31
  Lag3: 0.745
  On3: 0
  Stereo: 0.0212696
  PolyMono: 0
  Memory: 0
  FdBkAmount: 0
  FdBkPhase: 0
  Attack2: 0.215536
  Release2: 0.307349
  ReverbSize: 0.700548
  ReverbMix: 0.346382
  ReverbOn: 1
  EQHPHz: 0.6102
  EQLPHz: 0
  EQBRHz: 0.5665
  EQBRBW: 0.826
  EQBRGain: 0
  EQOn: 1
  Gain_out: 1
  Pan: 0.497481
  Noise: 0.00315457
