---
Preset:
  product: Sinnah
  version: 1.0
  format: 1
  name: Mello
Params:
  Wave: 0.1575
  Harmonics: 0.37
  Octave: 0.185
  Mastertuning: 0.5
  Attack1: 0.296651
  Decay1: 0.654563
  Sustain1: 0.82568
  Release1: 0.614175
  Repeat: 0.37
  Velosens: 0.7752
  ADSR2wave: 0
  ADSR2harm: 0.315
  Speed1: 0.874
  Range1: 0.13915
  Lag1: 0.5777
  On1: 0.5
  Speed2: 0.7676
  Range2: 0.0975
  Lag2: 0.57215
  On2: 0.315
  Speed3: 0.5727
  Range3: 0.38075
  Lag3: 0.5086
  On3: 0.315
  Stereo: 1
  PolyMono: 0
  Memory: 0
  FdBkAmount: 1
  FdBkPhase: 0.63
  Attack2: 0.585631
  Release2: 0.815
  ReverbSize: 0.932647
  ReverbMix: 0.660147
  ReverbOn: 1
  EQHPHz: 0.270239
  EQLPHz: 0.67955
  EQBRHz: 0.6701
  EQBRBW: 0.74948
  EQBRGain: 0
  EQOn: 0.5
  Gain_out: 0.74195
  Pan: 0.48425
  Noise: 0
  RangeHarmonics: 0
