---
Preset:
  product: Sinnah
  version: 0.9.8
  format: 1
  name: bs pluck'n'tuba
Params:
  Wave: 0
  Harmonics: 0.345
  Octave: 0
  Mastertuning: 0.5
  Attack1: 0
  Decay1: 0.509709
  Sustain1: 0
  Release1: 0.18932
  Repeat: 0
  Velosens: 0.7752
  ADSR2wave: 0
  ADSR2harm: 1
  Speed1: 0
  Range1: 0
  Lag1: 0
  On1: 1
  Speed2: 0
  Range2: 0.075
  Lag2: 0
  On2: 1
  Speed3: 0.04
  Range3: 0.08
  Lag3: 0
  On3: 1
  Stereo: 0
  PolyMono: 0
  Memory: 0
  FdBkAmount: 0.415
  FdBkPhase: 0
  Attack2: 0
  Release2: 0.0436893
  ReverbSize: 0.25
  ReverbMix: 0.161765
  ReverbOn: 1
  EQHPHz: 0.251
  EQLPHz: 0.6355
  EQBRHz: 0.7895
  EQBRBW: 0.5899
  EQBRGain: 0
  EQOn: 1
  Gain_out: 0.52
  Pan: 0.5
  Noise: 0.03
