---
Preset:
  product: Sinnah
  version: 0.9.8
  format: 1
  name: tuva wind
Params:
  Wave: 0.5
  Harmonics: 0
  Octave: 1
  Mastertuning: 0.5
  Attack1: 0.092233
  Decay1: 0.5
  Sustain1: 0.5
  Release1: 0.199029
  Repeat: 0
  Velosens: 0.7752
  ADSR2wave: 0
  ADSR2harm: 0
  Speed1: 0.39
  Range1: 0.11
  Lag1: 0.49
  On1: 1
  Speed2: 0.55
  Range2: 0.08
  Lag2: 0.785
  On2: 1
  Speed3: 0.85
  Range3: 0.065
  Lag3: 0.35
  On3: 1
  Stereo: 0.345
  PolyMono: 1
  Memory: 0
  FdBkAmount: 0.355
  FdBkPhase: 1
  Attack2: 0.247573
  Release2: 0.101942
  ReverbSize: 0.764706
  ReverbMix: 0.25
  ReverbOn: 1
  EQHPHz: 0.417
  EQLPHz: 1
  EQBRHz: 0.7793
  EQBRBW: 0.7833
  EQBRGain: 1
  EQOn: 1
  Gain_out: 0.425
  Pan: 0.5
  Noise: 0
