---
Preset:
  product: Sinnah
  version: 0.9.8
  format: 1
  name: great brass orchestra
Params:
  Wave: 0
  Harmonics: 0.455
  Octave: 0.5
  Mastertuning: 0.5
  Attack1: 0.0825243
  Decay1: 0.140777
  Sustain1: 1
  Release1: 0.296117
  Repeat: 1
  Velosens: 0.7752
  ADSR2wave: 0
  ADSR2harm: 1
  Speed1: 0.97
  Range1: 0.2
  Lag1: 0.71
  On1: 0.5
  Speed2: 0.755
  Range2: 0.02
  Lag2: 0.695
  On2: 1
  Speed3: 0.39
  Range3: 0.015
  Lag3: 1
  On3: 1
  Stereo: 1
  PolyMono: 0
  Memory: 0
  FdBkAmount: 0.465
  FdBkPhase: 0
  Attack2: 0.5
  Release2: 0.5
  ReverbSize: 0.838235
  ReverbMix: 0.588235
  ReverbOn: 1
  EQHPHz: 0.166
  EQLPHz: 0.5
  EQBRHz: 0.5
  EQBRBW: 0.5
  EQBRGain: 0.548
  EQOn: 1
  Gain_out: 0.77
  Pan: 0.425
  Noise: 0
