---
Preset:
  product: Sinnah
  version: 0.9.8
  format: 1
  name: voice
Params:
  Wave: 1
  Harmonics: 0.735
  Octave: 0.5
  Mastertuning: 0.5
  Attack1: 0.470874
  Decay1: 0.5
  Sustain1: 0.762136
  Release1: 0.199029
  Repeat: 0
  Velosens: 0.7752
  ADSR2wave: 1
  ADSR2harm: 0.5
  Speed1: 0.565
  Range1: 0.5
  Lag1: 0.195
  On1: 0.5
  Speed2: 0.5
  Range2: 0.915
  Lag2: 0.265
  On2: 0.5
  Speed3: 0.5
  Range3: 0.385
  Lag3: 0.125
  On3: 0.5
  Stereo: 1
  PolyMono: 0
  Memory: 0
  FdBkAmount: 0.5
  FdBkPhase: 0.5
  Attack2: 0.5
  Release2: 0.5
  ReverbSize: 0.988095
  ReverbMix: 0.702381
  ReverbOn: 0
  EQHPHz: 0.6269
  EQLPHz: 0.379
  EQBRHz: 0.6485
  EQBRBW: 0.7542
  EQBRGain: 0
  EQOn: 1
  Gain_out: 0.87
  Pan: 0.53
  Noise: 0
