---
Preset:
  product: Sinnah
  version: 0.9.8
  format: 1
  name: key sunshine
Params:
  Wave: 1
  Harmonics: 0
  Octave: 0
  Mastertuning: 0.5
  Attack1: 0
  Decay1: 1
  Sustain1: 0
  Release1: 0.73301
  Repeat: 0
  Velosens: 0.7752
  ADSR2wave: 0
  ADSR2harm: 0
  Speed1: 0.375
  Range1: 0.21
  Lag1: 0.195
  On1: 1
  Speed2: 0.615
  Range2: 0.055
  Lag2: 0.195
  On2: 1
  Speed3: 0.965
  Range3: 0.265
  Lag3: 0.365
  On3: 1
  Stereo: 1
  PolyMono: 0
  Memory: 0
  FdBkAmount: 0.39
  FdBkPhase: 0
  Attack2: 0.461165
  Release2: 0.470874
  ReverbSize: 0.720588
  ReverbMix: 0.176471
  ReverbOn: 1
  EQHPHz: 0
  EQLPHz: 0.667
  EQBRHz: 0.7793
  EQBRBW: 0.7833
  EQBRGain: 1
  EQOn: 1
  Gain_out: 0.715
  Pan: 0.5
  Noise: 0.3
