---
Preset:
  product: Sinnah
  version: 0.9.8
  format: 1
  name: pinpan
Params:
  Wave: 0
  Harmonics: 0
  Octave: 0.5
  Mastertuning: 0.5
  Attack1: 0
  Decay1: 0.140777
  Sustain1: 0
  Release1: 0
  Repeat: 0
  Velosens: 0.7752
  ADSR2wave: 0
  ADSR2harm: 0
  Speed1: 0
  Range1: 0.035
  Lag1: 0
  On1: 0
  Speed2: 0.085
  Range2: 1
  Lag2: 0
  On2: 1
  Speed3: 0.075
  Range3: 0.075
  Lag3: 0.5
  On3: 0
  Stereo: 0.895
  PolyMono: 0
  Memory: 0
  FdBkAmount: 0.825
  FdBkPhase: 0
  Attack2: 0.092233
  Release2: 0.519417
  ReverbSize: 0.867647
  ReverbMix: 0.529412
  ReverbOn: 0
  EQHPHz: 0.1757
  EQLPHz: 0
  EQBRHz: 0.2927
  EQBRBW: 0.216
  EQBRGain: 0
  EQOn: 0.5
  Gain_out: 0.83
  Pan: 0.42
  Noise: 0
