---
Preset:
  product: Sinnah
  version: 0.9.8
  format: 1
  name: paradise
Params:
  Wave: 0.5
  Harmonics: 0
  Octave: 0.5
  Mastertuning: 0.5
  Attack1: 0.296117
  Decay1: 0.5
  Sustain1: 0.5
  Release1: 0.800971
  Repeat: 0
  Velosens: 0.7752
  ADSR2wave: 0
  ADSR2harm: 0
  Speed1: 0.39
  Range1: 0.16
  Lag1: 0.49
  On1: 1
  Speed2: 0.55
  Range2: 0.15
  Lag2: 0.785
  On2: 1
  Speed3: 0.85
  Range3: 0.17
  Lag3: 0.35
  On3: 1
  Stereo: 0.345
  PolyMono: 0
  Memory: 0
  FdBkAmount: 0
  FdBkPhase: 0
  Attack2: 0.5
  Release2: 0.5
  ReverbSize: 0.911765
  ReverbMix: 0.25
  ReverbOn: 1
  EQHPHz: 0.417
  EQLPHz: 0.824
  EQBRHz: 0.7793
  EQBRBW: 0.7833
  EQBRGain: 1
  EQOn: 1
  Gain_out: 0.75
  Pan: 0.5
  Noise: 0
