---
Preset:
  product: Sinnah
  version: 0.9.8
  format: 1
  name: Lead 01 B
Params:
  Wave: 0.75
  Harmonics: 0.0382422
  Octave: 0.5
  Mastertuning: 0.5
  Attack1: 0.0140625
  Decay1: 0.546234
  Sustain1: 0.342251
  Release1: 0.010982
  Repeat: 0
  Velosens: 0
  ADSR2wave: 0
  ADSR2harm: 1
  Speed1: 0.565
  Range1: 0.13
  Lag1: 0.18
  On1: 1
  Speed2: 0.4
  Range2: 0.21
  Lag2: 0.195
  On2: 1
  Speed3: 0.285
  Range3: 0.31
  Lag3: 0.745
  On3: 1
  Stereo: 0.493457
  PolyMono: 1
  Memory: 0
  FdBkAmount: 0.476543
  FdBkPhase: 0
  Attack2: 0
  Release2: 0.00977534
  ReverbSize: 0.823529
  ReverbMix: 0.446401
  ReverbOn: 1
  EQHPHz: 0.028975
  EQLPHz: 0.691
  EQBRHz: 0.7
  EQBRBW: 0.823032
  EQBRGain: 0.175267
  EQOn: 1
  Gain_out: 0.769082
  Pan: 0.497481
  Noise: 0
