---
Preset:
  product: Sinnah
  version: 0.9.8
  format: 1
  name: vanity chords
Params:
  Wave: 1
  Harmonics: 1
  Octave: 0
  Mastertuning: 0.5
  Attack1: 0
  Decay1: 0.597087
  Sustain1: 0.0631068
  Release1: 1
  Repeat: 0
  Velosens: 0.7752
  ADSR2wave: 0
  ADSR2harm: 1
  Speed1: 0.23
  Range1: 0.355
  Lag1: 0
  On1: 1
  Speed2: 0
  Range2: 0.015
  Lag2: 0.295
  On2: 1
  Speed3: 0
  Range3: 0
  Lag3: 0.5
  On3: 1
  Stereo: 1
  PolyMono: 0
  Memory: 0
  FdBkAmount: 0.345
  FdBkPhase: 0
  Attack2: 0.160194
  Release2: 0.81068
  ReverbSize: 0.794118
  ReverbMix: 0.279412
  ReverbOn: 1
  EQHPHz: 0.2075
  EQLPHz: 0.196
  EQBRHz: 0.5055
  EQBRBW: 0.436
  EQBRGain: 0
  EQOn: 1
  Gain_out: 0.58
  Pan: 0.4
  Noise: 0.235
