---
Preset:
  product: Sinnah
  version: 0.9.8
  format: 1
  name: shred  guitar
Params:
  Wave: 1
  Harmonics: 1
  Octave: 0
  Mastertuning: 0.5
  Attack1: 0.092233
  Decay1: 0.150485
  Sustain1: 0.470874
  Release1: 0.567961
  Repeat: 1
  Velosens: 0.7752
  ADSR2wave: 0
  ADSR2harm: 1
  Speed1: 0.01
  Range1: 0.04
  Lag1: 1
  On1: 1
  Speed2: 0.01
  Range2: 0.075
  Lag2: 1
  On2: 1
  Speed3: 1
  Range3: 0.035
  Lag3: 0.675
  On3: 1
  Stereo: 1
  PolyMono: 1
  Memory: 0
  FdBkAmount: 0.875
  FdBkPhase: 0
  Attack2: 0
  Release2: 1
  ReverbSize: 0.367647
  ReverbMix: 0.514706
  ReverbOn: 1
  EQHPHz: 0.513
  EQLPHz: 0.372
  EQBRHz: 0.4357
  EQBRBW: 0.7914
  EQBRGain: 0
  EQOn: 0.5
  Gain_out: 1
  Pan: 0.505
  Noise: 0.345
