---
Preset:
  product: Sinnah
  version: 0.9.8
  format: 1
  name: mono love
Params:
  Wave: 1
  Harmonics: 0.705
  Octave: 0.5
  Mastertuning: 0.5
  Attack1: 0.0825243
  Decay1: 0.131068
  Sustain1: 0.859223
  Release1: 0.18932
  Repeat: 0
  Velosens: 0.7752
  ADSR2wave: 0
  ADSR2harm: 0
  Speed1: 0.67
  Range1: 0.07
  Lag1: 0
  On1: 1
  Speed2: 0.42
  Range2: 0.07
  Lag2: 0
  On2: 1
  Speed3: 0.1
  Range3: 0.465
  Lag3: 0.5
  On3: 1
  Stereo: 1
  PolyMono: 1
  Memory: 0
  FdBkAmount: 0.105
  FdBkPhase: 0
  Attack2: 0.179612
  Release2: 0.0339806
  ReverbSize: 0.75
  ReverbMix: 0.264706
  ReverbOn: 1
  EQHPHz: 0.4798
  EQLPHz: 0.436
  EQBRHz: 0.5406
  EQBRBW: 0.642
  EQBRGain: 0
  EQOn: 0.5
  Gain_out: 0.735
  Pan: 0.555
  Noise: 0.085
