---
Preset:
  product: Sinnah
  version: 0.9.8
  format: 1
  name: two octaves mono singer
Params:
  Wave: 0.5
  Harmonics: 0.315
  Octave: 0.5
  Mastertuning: 0.5
  Attack1: 0
  Decay1: 0.276699
  Sustain1: 0.800971
  Release1: 0.11165
  Repeat: 1
  Velosens: 0.7752
  ADSR2wave: 0
  ADSR2harm: 1
  Speed1: 1
  Range1: 0.025
  Lag1: 0.13
  On1: 1
  Speed2: 1
  Range2: 0.01
  Lag2: 0.505
  On2: 1
  Speed3: 1
  Range3: 0.02
  Lag3: 0.96
  On3: 1
  Stereo: 1
  PolyMono: 1
  Memory: 0
  FdBkAmount: 1
  FdBkPhase: 0
  Attack2: 0.179612
  Release2: 0
  ReverbSize: 0.720588
  ReverbMix: 0.352941
  ReverbOn: 1
  EQHPHz: 0.408
  EQLPHz: 0.2302
  EQBRHz: 0.3951
  EQBRBW: 0.7945
  EQBRGain: 0.0852
  EQOn: 0.5
  Gain_out: 1
  Pan: 0.505
  Noise: 0.245
