---
Preset:
  product: Sinnah
  version: 0.9.8
  format: 1
  name: highpluk
Params:
  Wave: 0.25
  Harmonics: 0.85
  Octave: 1
  Mastertuning: 0.5
  Attack1: 0
  Decay1: 0.228155
  Sustain1: 0.092233
  Release1: 0.451456
  Repeat: 0
  Velosens: 0.7752
  ADSR2wave: 0
  ADSR2harm: 1
  Speed1: 0.565
  Range1: 0
  Lag1: 1
  On1: 1
  Speed2: 0
  Range2: 0
  Lag2: 0.075
  On2: 1
  Speed3: 0.5
  Range3: 0.205
  Lag3: 0.04
  On3: 1
  Stereo: 1
  PolyMono: 1
  Memory: 0
  FdBkAmount: 0.38
  FdBkPhase: 0
  Attack2: 0.325243
  Release2: 0.752427
  ReverbSize: 0.661765
  ReverbMix: 0.191176
  ReverbOn: 1
  EQHPHz: 0.185
  EQLPHz: 0.702
  EQBRHz: 0.2642
  EQBRBW: 0.38
  EQBRGain: 0.371
  EQOn: 0.5
  Gain_out: 0.57
  Pan: 0.5
  Noise: 0.325
