---
Preset:
  product: Sinnah
  version: 0.9.8
  format: 1
  name: accordians
Params:
  Wave: 1
  Harmonics: 0.94
  Octave: 0.5
  Mastertuning: 0.5
  Attack1: 0.199029
  Decay1: 0.5
  Sustain1: 0.936893
  Release1: 0.315534
  Repeat: 0
  Velosens: 0.7752
  ADSR2wave: 0
  ADSR2harm: 0.5
  Speed1: 0.565
  Range1: 0.325
  Lag1: 0.79
  On1: 0.5
  Speed2: 0.5
  Range2: 0.33
  Lag2: 0.29
  On2: 0.5
  Speed3: 0.5
  Range3: 0.255
  Lag3: 0.5
  On3: 0.5
  Stereo: 1
  PolyMono: 0
  Memory: 0
  FdBkAmount: 0.565
  FdBkPhase: 1
  Attack2: 0.121359
  Release2: 0.5
  ReverbSize: 0.117647
  ReverbMix: 0.794118
  ReverbOn: 1
  EQHPHz: 0.5
  EQLPHz: 0.5
  EQBRHz: 0.6171
  EQBRBW: 0.5
  EQBRGain: 0
  EQOn: 0.5
  Gain_out: 0.795
  Pan: 0.5
  Noise: 0
