---
Preset:
  product: Sinnah
  version: 0.9.8
  format: 1
  name: random sustain
Params:
  Wave: 0.25
  Harmonics: 1
  Octave: 0.5
  Mastertuning: 0.5
  Attack1: 0
  Decay1: 0.5
  Sustain1: 0.73301
  Release1: 0.509709
  Repeat: 0
  Velosens: 0.7752
  ADSR2wave: 0
  ADSR2harm: 0.5
  Speed1: 0.565
  Range1: 0.43
  Lag1: 0.73
  On1: 0.5
  Speed2: 0.5
  Range2: 0.875
  Lag2: 1
  On2: 0.5
  Speed3: 0.135
  Range3: 0.625
  Lag3: 0.585
  On3: 0.5
  Stereo: 1
  PolyMono: 0
  Memory: 1
  FdBkAmount: 1
  FdBkPhase: 0
  Attack2: 0.5
  Release2: 1
  ReverbSize: 0.988095
  ReverbMix: 0.294118
  ReverbOn: 1
  EQHPHz: 0.1353
  EQLPHz: 0.207
  EQBRHz: 0.5772
  EQBRBW: 0.6239
  EQBRGain: 0
  EQOn: 0.5
  Gain_out: 0.79
  Pan: 0.5
  Noise: 0
