---
Preset:
  product: Sinnah
  version: 0.9.8
  format: 1
  name: bs talk
Params:
  Wave: 0.5
  Harmonics: 0.605
  Octave: 0
  Mastertuning: 0.5
  Attack1: 0
  Decay1: 0.461165
  Sustain1: 0
  Release1: 0.131068
  Repeat: 0
  Velosens: 0.7752
  ADSR2wave: 1
  ADSR2harm: 1
  Speed1: 0
  Range1: 0
  Lag1: 0
  On1: 1
  Speed2: 0
  Range2: 0.075
  Lag2: 0
  On2: 1
  Speed3: 0
  Range3: 0.025
  Lag3: 1
  On3: 0
  Stereo: 0.805
  PolyMono: 1
  Memory: 0
  FdBkAmount: 0.28
  FdBkPhase: 0
  Attack2: 0.101942
  Release2: 0.742718
  ReverbSize: 0.191176
  ReverbMix: 0.132353
  ReverbOn: 1
  EQHPHz: 0.036
  EQLPHz: 0.69
  EQBRHz: 0.4579
  EQBRBW: 0.5619
  EQBRGain: 0
  EQOn: 1
  Gain_out: 0.88
  Pan: 0.575
  Noise: 0.19
