---
Preset:
  product: Sinnah
  version: 1.0.0
  format: 1
  name: build to chaos
Params:
  Wave: 0.5
  Harmonics: 0.06
  Octave: 0
  Mastertuning: 0.5
  Attack1: 0.09952
  Decay1: 0.947924
  Sustain1: 0.09952
  Release1: 0.758149
  Repeat: 0
  Velosens: 0.7752
  ADSR2wave: 0
  ADSR2harm: 0.5
  Speed1: 0.185
  Range1: 1
  Lag1: 0.28
  On1: 1
  Speed2: 0.5
  Range2: 0.33
  Lag2: 1
  On2: 1
  Speed3: 0.5
  Range3: 0.255
  Lag3: 0.585
  On3: 1
  Stereo: 0.5
  PolyMono: 0
  Memory: 1
  FdBkAmount: 0.93
  FdBkPhase: 1
  Attack2: 0.0732864
  Release2: 0.687263
  ReverbSize: 0.365718
  ReverbMix: 0.85741
  ReverbOn: 1
  EQHPHz: 0.397427
  EQLPHz: 0.76572
  EQBRHz: 0.488732
  EQBRBW: 0.700141
  EQBRGain: 0
  EQOn: 0.5
  Gain_out: 0.825
  Pan: 0.5
  Noise: 0
  RangeHarmonics: 1
