---
Preset:
  product: Sinnah
  version: 0.9.8
  format: 1
  name: machinery
Params:
  Wave: 0
  Harmonics: 1
  Octave: 0
  Mastertuning: 0.5
  Attack1: 0
  Decay1: 0.00485438
  Sustain1: 0.18932
  Release1: 0.0825243
  Repeat: 1
  Velosens: 0.7752
  ADSR2wave: 0
  ADSR2harm: 0
  Speed1: 0.93
  Range1: 1
  Lag1: 0
  On1: 1
  Speed2: 0
  Range2: 0
  Lag2: 0.5
  On2: 1
  Speed3: 0.075
  Range3: 0.075
  Lag3: 0.5
  On3: 1
  Stereo: 1
  PolyMono: 0
  Memory: 0
  FdBkAmount: 0.535
  FdBkPhase: 1
  Attack2: 0
  Release2: 0.626214
  ReverbSize: 0.0588235
  ReverbMix: 0.911765
  ReverbOn: 1
  EQHPHz: 0.3507
  EQLPHz: 0.2284
  EQBRHz: 0.5289
  EQBRBW: 0.7142
  EQBRGain: 0
  EQOn: 0.5
  Gain_out: 0.975
  Pan: 0.625
  Noise: 0.33
