---
Preset:
  product: Sinnah
  version: 0.9.8
  format: 1
  name: paced evolving
Params:
  Wave: 1
  Harmonics: 1
  Octave: 1
  Mastertuning: 0.5
  Attack1: 0
  Decay1: 0.150485
  Sustain1: 0
  Release1: 0.567961
  Repeat: 0
  Velosens: 0.7752
  ADSR2wave: 0
  ADSR2harm: 1
  Speed1: 0.01
  Range1: 0.04
  Lag1: 1
  On1: 1
  Speed2: 0.01
  Range2: 0.075
  Lag2: 1
  On2: 1
  Speed3: 1
  Range3: 0.035
  Lag3: 0.675
  On3: 1
  Stereo: 1
  PolyMono: 1
  Memory: 0
  FdBkAmount: 0.73
  FdBkPhase: 0
  Attack2: 0
  Release2: 0.334951
  ReverbSize: 0.988095
  ReverbMix: 0.702381
  ReverbOn: 1
  EQHPHz: 0.513
  EQLPHz: 0.113
  EQBRHz: 0.4357
  EQBRBW: 0.5444
  EQBRGain: 0
  EQOn: 0.5
  Gain_out: 0.62
  Pan: 0.41
  Noise: 0.56
