---
Preset:
  product: Sinnah
  version: 0.9.8
  format: 1
  name: rubber spring
Params:
  Wave: 1
  Harmonics: 0.305
  Octave: 0
  Mastertuning: 0.5
  Attack1: 0
  Decay1: 0
  Sustain1: 0
  Release1: 0
  Repeat: 0
  Velosens: 0.7752
  ADSR2wave: 0
  ADSR2harm: 1
  Speed1: 0.5
  Range1: 0.035
  Lag1: 1
  On1: 1
  Speed2: 0.375
  Range2: 0.015
  Lag2: 0.5
  On2: 1
  Speed3: 0.25
  Range3: 0.025
  Lag3: 0.5
  On3: 1
  Stereo: 0.895
  PolyMono: 0
  Memory: 0
  FdBkAmount: 0.97
  FdBkPhase: 1
  Attack2: 0
  Release2: 0.228155
  ReverbSize: 0.867647
  ReverbMix: 0.102941
  ReverbOn: 0
  EQHPHz: 0.1481
  EQLPHz: 0.4512
  EQBRHz: 0.6547
  EQBRBW: 0.743
  EQBRGain: 0
  EQOn: 0.5
  Gain_out: 1
  Pan: 0.5
  Noise: 1
