---
Preset:
  product: Sinnah
  version: 0.9.8
  format: 1
  name: another choir
Params:
  Wave: 1
  Harmonics: 0
  Octave: 0
  Mastertuning: 0.5
  Attack1: 0.101942
  Decay1: 0.179612
  Sustain1: 0.451456
  Release1: 0.121359
  Repeat: 0
  Velosens: 0.7752
  ADSR2wave: 1
  ADSR2harm: 0
  Speed1: 0.56
  Range1: 0.755
  Lag1: 0.335
  On1: 1
  Speed2: 0.595
  Range2: 0.11
  Lag2: 0.745
  On2: 1
  Speed3: 0.575
  Range3: 0.08
  Lag3: 0.67
  On3: 1
  Stereo: 0.895
  PolyMono: 0
  Memory: 1
  FdBkAmount: 0.37
  FdBkPhase: 1
  Attack2: 0
  Release2: 0.849515
  ReverbSize: 0.0735294
  ReverbMix: 1
  ReverbOn: 1
  EQHPHz: 0.4521
  EQLPHz: 0.659
  EQBRHz: 0.7843
  EQBRBW: 0.76
  EQBRGain: 0
  EQOn: 0.5
  Gain_out: 0.83
  Pan: 0.5
  Noise: 0.105
