---
Preset:
  product: Sinnah
  version: 0.9.8
  format: 1
  name: syntie harper
Params:
  Wave: 0.5
  Harmonics: 1
  Octave: 0.5
  Mastertuning: 0.5
  Attack1: 0
  Decay1: 0.131068
  Sustain1: 0
  Release1: 0.567961
  Repeat: 0
  Velosens: 0.7752
  ADSR2wave: 0
  ADSR2harm: 1
  Speed1: 0
  Range1: 0.04
  Lag1: 1
  On1: 1
  Speed2: 0
  Range2: 0.075
  Lag2: 1
  On2: 1
  Speed3: 0
  Range3: 0.13
  Lag3: 0
  On3: 1
  Stereo: 1
  PolyMono: 0
  Memory: 0
  FdBkAmount: 0.435
  FdBkPhase: 0
  Attack2: 0
  Release2: 0.334951
  ReverbSize: 0.988095
  ReverbMix: 0.702381
  ReverbOn: 0
  EQHPHz: 0.513
  EQLPHz: 1
  EQBRHz: 0.4357
  EQBRBW: 0.5444
  EQBRGain: 0
  EQOn: 0.5
  Gain_out: 0.415
  Pan: 0.505
  Noise: 0.56
