---
Preset:
  product: Sinnah
  version: 0.9.8
  format: 1
  name: '8 triplets '
Params:
  Wave: 0
  Harmonics: 0
  Octave: 0.5
  Mastertuning: 0.5
  Attack1: 0
  Decay1: 0.155894
  Sustain1: 0
  Release1: 0
  Repeat: 1
  Velosens: 0.7752
  ADSR2wave: 0
  ADSR2harm: 0
  Speed1: 0.0663867
  Range1: 0.00310547
  Lag1: 0.119082
  On1: 0
  Speed2: 0.315
  Range2: 0.75
  Lag2: 0.68
  On2: 0
  Speed3: 0.26
  Range3: 0.285
  Lag3: 0.11
  On3: 0
  Stereo: 1
  PolyMono: 1
  Memory: 0
  FdBkAmount: 0.28
  FdBkPhase: 0
  Attack2: 0.5
  Release2: 0.5
  ReverbSize: 0.838235
  ReverbMix: 0.367647
  ReverbOn: 0
  EQHPHz: 0.281
  EQLPHz: 0.5
  EQBRHz: 0.645
  EQBRBW: 0.668
  EQBRGain: 0.08
  EQOn: 0
  Gain_out: 0.715
  Pan: 0.5
  Noise: 0.0192578
