---
Preset:
  product: Sinnah
  version: 0.9.8
  format: 1
  name: fluted EP
Params:
  Wave: 0
  Harmonics: 0.325
  Octave: 0
  Mastertuning: 0.5
  Attack1: 0
  Decay1: 0.502439
  Sustain1: 0.185366
  Release1: 0.226016
  Repeat: 0
  Velosens: 0.8778
  ADSR2wave: 0
  ADSR2harm: 1
  Speed1: 0
  Range1: 0
  Lag1: 0.05
  On1: 0.5
  Speed2: 0
  Range2: 0
  Lag2: 0.305
  On2: 0.5
  Speed3: 0.105
  Range3: 0
  Lag3: 0.21
  On3: 0
  Stereo: 1
  PolyMono: 0
  Memory: 0
  FdBkAmount: 0.78
  FdBkPhase: 0
  Attack2: 0
  Release2: 0.0959352
  ReverbSize: 0.155554
  ReverbMix: 0.316048
  ReverbOn: 1
  EQHPHz: 0.4351
  EQLPHz: 0.4086
  EQBRHz: 0.3593
  EQBRBW: 0.479
  EQBRGain: 0.3964
  EQOn: 1
  Gain_out: 0.775
  Pan: 0.54
  Noise: 0.07
  RangeHarmonics: 1

