---
Preset:
  product: Sinnah
  version: 0.9.8
  format: 1
  name: scary feedbacker
Params:
  Wave: 0.5
  Harmonics: 0
  Octave: 0
  Mastertuning: 0.5
  Attack1: 0.101942
  Decay1: 0.5
  Sustain1: 1
  Release1: 0.150485
  Repeat: 0
  Velosens: 0.7752
  ADSR2wave: 0
  ADSR2harm: 0.5
  Speed1: 0
  Range1: 0.025
  Lag1: 0.605
  On1: 1
  Speed2: 0.105
  Range2: 0.065
  Lag2: 1
  On2: 1
  Speed3: 0.5
  Range3: 0.245
  Lag3: 0.74
  On3: 1
  Stereo: 1
  PolyMono: 0
  Memory: 1
  FdBkAmount: 0.905
  FdBkPhase: 0
  Attack2: 0
  Release2: 0.684466
  ReverbSize: 0.988095
  ReverbMix: 0.702381
  ReverbOn: 0
  EQHPHz: 0.348
  EQLPHz: 0.345
  EQBRHz: 0.3801
  EQBRBW: 0.684
  EQBRGain: 0
  EQOn: 0.5
  Gain_out: 0.715
  Pan: 0.5
  Noise: 0.115
