---
Preset:
  product: Sinnah
  version: 0.9.8
  format: 1
  name: key sustained echo
Params:
  Wave: 0.5
  Harmonics: 0.54
  Octave: 0.5
  Mastertuning: 0.5
  Attack1: 0
  Decay1: 0.616505
  Sustain1: 0
  Release1: 0.092233
  Repeat: 0
  Velosens: 0.7752
  ADSR2wave: 0
  ADSR2harm: 0
  Speed1: 0.03
  Range1: 0.105
  Lag1: 1
  On1: 1
  Speed2: 0.025
  Range2: 0.045
  Lag2: 1
  On2: 1
  Speed3: 0.075
  Range3: 0.075
  Lag3: 0.5
  On3: 0
  Stereo: 1
  PolyMono: 0
  Memory: 1
  FdBkAmount: 0.825
  FdBkPhase: 1
  Attack2: 0.169903
  Release2: 0.868932
  ReverbSize: 0.970588
  ReverbMix: 0.25
  ReverbOn: 1
  EQHPHz: 0.5125
  EQLPHz: 0.717
  EQBRHz: 0.4112
  EQBRBW: 0.1168
  EQBRGain: 0
  EQOn: 1
  Gain_out: 0.845
  Pan: 0.565
  Noise: 0
